  Model Covariance
 Listed approximately in same   order as output with exception of floating 
   omori/exponental amplitude and time constant

  1 std. err=    0.8113E+00 cov=    0.6583E+00  -0.1430E+01  -0.6524E-02  -0.5503E-02  -0.1619E-02  -0.1037E-02  -0.2885E+00  -0.3405E+00   0.1223E+00   0.1364E+00
  2 std. err=    0.1944E+01 cov=   -0.1430E+01   0.3779E+01   0.5525E-02   0.1106E-01   0.7405E-03   0.1318E-02   0.8130E+00   0.8857E+00  -0.3403E+00  -0.3531E+00
  3 std. err=    0.7220E-01 cov=   -0.6524E-02   0.5525E-02   0.5213E-02   0.1118E-04   0.4757E-04  -0.1020E-03  -0.1209E-01   0.4225E-02   0.4241E-02  -0.3013E-02
  4 std. err=    0.7250E-01 cov=   -0.5503E-02   0.1106E-01   0.1118E-04   0.5257E-02   0.1129E-03   0.6891E-04   0.1587E-02   0.1072E-01  -0.1925E-02  -0.3864E-02
  5 std. err=    0.4241E-01 cov=   -0.1619E-02   0.7405E-03   0.4757E-04   0.1129E-03   0.1798E-02  -0.4231E-05  -0.5678E-02   0.5461E-02   0.1866E-02  -0.2054E-02
  6 std. err=    0.4263E-01 cov=   -0.1037E-02   0.1318E-02  -0.1020E-03   0.6891E-04  -0.4231E-05   0.1817E-02   0.9094E-03   0.1342E-02  -0.9498E-03   0.1674E-03
  7 std. err=    0.1496E+01 cov=   -0.2885E+00   0.8130E+00  -0.1209E-01   0.1587E-02  -0.5678E-02   0.9094E-03   0.2237E+01  -0.2331E+00  -0.7740E+00   0.1133E+00
  8 std. err=    0.1450E+01 cov=   -0.3405E+00   0.8857E+00   0.4225E-02   0.1072E-01   0.5461E-02   0.1342E-02  -0.2331E+00   0.2102E+01   0.7768E-01  -0.7349E+00
  9 std. err=    0.5354E+00 cov=    0.1223E+00  -0.3403E+00   0.4241E-02  -0.1925E-02   0.1866E-02  -0.9498E-03  -0.7740E+00   0.7768E-01   0.2867E+00  -0.3898E-01
 10 std. err=    0.5250E+00 cov=    0.1364E+00  -0.3531E+00  -0.3013E-02  -0.3864E-02  -0.2054E-02   0.1674E-03   0.1133E+00  -0.7349E+00  -0.3898E-01   0.2757E+00


  Model correlation coef.
 Listed approximately in same   order as output with exception of floating 
   omori/exponental amplitude and time constant

  1 std. err=    0.8113E+00 Cross correl   1.0000 -0.9065 -0.1114 -0.0936 -0.0470 -0.0300 -0.2378 -0.2894  0.2815  0.3202
  2 std. err=    0.1944E+01 Cross correl  -0.9065  1.0000  0.0394  0.0785  0.0090  0.0159  0.2796  0.3142 -0.3270 -0.3459
  3 std. err=    0.7220E-01 Cross correl  -0.1114  0.0394  1.0000  0.0021  0.0155 -0.0331 -0.1119  0.0404  0.1097 -0.0795
  4 std. err=    0.7250E-01 Cross correl  -0.0936  0.0785  0.0021  1.0000  0.0367  0.0223  0.0146  0.1020 -0.0496 -0.1015
  5 std. err=    0.4241E-01 Cross correl  -0.0470  0.0090  0.0155  0.0367  1.0000 -0.0023 -0.0895  0.0888  0.0822 -0.0923
  6 std. err=    0.4263E-01 Cross correl  -0.0300  0.0159 -0.0331  0.0223 -0.0023  1.0000  0.0143  0.0217 -0.0416  0.0075
  7 std. err=    0.1496E+01 Cross correl  -0.2378  0.2796 -0.1119  0.0146 -0.0895  0.0143  1.0000 -0.1075 -0.9666  0.1443
  8 std. err=    0.1450E+01 Cross correl  -0.2894  0.3142  0.0404  0.1020  0.0888  0.0217 -0.1075  1.0000  0.1001 -0.9654
  9 std. err=    0.5354E+00 Cross correl   0.2815 -0.3270  0.1097 -0.0496  0.0822 -0.0416 -0.9666  0.1001  1.0000 -0.1387
 10 std. err=    0.5250E+00 Cross correl   0.3202 -0.3459 -0.0795 -0.1015 -0.0923  0.0075  0.1443 -0.9654 -0.1387  1.0000
